1. 59.35
2. 47.76
3. 8.85
4. 86.41
5. 14.84
6. 43.82
7. 1.34
8. 59.18
9. 98.85
10. 6.71
11. 99.33
12. 48.34
13. 45.80
14. 61.36
15. 32.38
16. 20.55
17. 20.74
18. 70.63
19. 52.29
20. 73.60
21. 26.66
22. 23.23
23. 35.53
24. 12.32
25. 16.55
26. 85.42
27. 40.23
28. 93.50
29. 64.59
30. 32.14
31. 93.83
32. 13.72
33. 33.17
34. 91.55
35. 73.31
36. 44.06
37. 64.48
38. 78.26
39. 78.01
40. 97.88
41. 72.10
42. 95.04
43. 12.80
44. 15.06
45. 59.73
46. 81.72
47. 48.93
48. 83.76
49. 46.22
50. 17.33
51. 45.04
52. 98.07
53. 90.05
54. 66.77
55. 81.51
56. 71.49
57. 81.80
58. 8.89
59. 49.80
60. 90.13
61. 49.07
62. 75.62
63. 34.38
64. 52.54
65. 84.25
66. 11.41
67. 24.75
68. 78.30
69. 71.06
70. 2.73
71. 26.63
72. 64.81
73. 75.15
74. 51.80
75. 85.62
76. 5.89
77. 59.62
78. 60.67
79. 99.45
80. 36.98
81. 57.53
82. 30.38
83. 93.00
84. 72.18
85. 90.60
86. 91.57
87. 71.99
88. 53.92
89. 84.26
90. 44.54
91. 57.64
92. 73.80
93. 96.65
94. 89.16
95. 91.05
96. 30.81
97. 79.70
98. 36.27
99. 78.99
100. 43.41
1. 79.54
2. 85.09
3. 53.53
4. 83.97
5. 15.84
6. 32.67
7. 22.50
8. 26.41
9. 66.57
10. 6.72
11. 46.59
12. 95.18
13. 79.05
14. 23.26
15. 51.83
16. 17.89
17. 10.86
18. 58.79
19. 51.54
20. 12.90
21. 75.93
22. 66.12
23. 41.25
24. 3.29
25. 97.04
26. 53.97
27. 74.10
28. 41.48
29. 8.82
30. 93.33
31. 22.61
32. 33.01
33. 56.69
34. 18.74
35. 23.59
36. 9.81
37. 63.36
38. 86.33
39. 12.40
40. 13.51
41. 89.07
42. 44.06
43. 33.16
44. 72.19
45. 8.11
46. 82.98
47. 93.83
48. 65.76
49. 46.75
50. 31.63
51. 62.97
52. 30.70
53. 91.84
54. 67.87
55. 10.39
56. 88.14
57. 91.24
58. 97.92
59. 94.55
60. 98.34
61. 73.02
62. 71.78
63. 20.18
64. 5.36
65. 82.15
66. 10.21
67. 69.71
68. 2.68
69. 36.03
70. 52.57
71. 77.68
72. 34.30
73. 54.76
74. 36.70
75. 36.70
76. 89.69
77. 85.53
78. 40.40
79. 73.45
80. 59.67
81. 11.44
82. 66.11
83. 53.69
84. 81.22
85. 78.90
86. 72.72
87. 4.35
88. 88.04
89. 91.17
90. 52.59
91. 70.59
92. 51.41
93. 84.65
94. 78.94
95. 20.13
96. 41.56
97. 59.57
98. 69.29
99. 67.42
100. 77.33
1. 64.74
2. 51.89
3. 57.33
4. 94.10
5. 88.82
6. 99.26
7. 18.64
8. 46.95
9. 82.18
10. 38.76
11. 98.68
12. 20.44
13. 94.28
14. 79.58
15. 63.96
16. 38.25
17. 49.97
18. 97.81
19. 93.71
20. 64.19
21. 59.82
22. 9.25
23. 33.73
24. 58.53
25. 68.76
26. 99.39
27. 28.15
28. 38.97
29. 5.38
30. 47.81
31. 57.86
32. 93.33
33. 72.76
34. 8.16
35. 8.43
36. 73.52
37. 30.60
38. 3.02
39. 87.95
40. 51.54
41. 28.46
42. 61.63
43. 22.57
44. 92.13
45. 95.55
46. 5.63
47. 45.25
48. 62.05
49. 87.35
50. 82.61
51. 65.24
52. 67.37
53. 52.80
54. 50.55
55. 80.51
56. 19.47
57. 78.55
58. 83.57
59. 12.43
60. 45.39
61. 8.50
62. 36.49
63. 77.34
64. 24.55
65. 36.68
66. 96.28
67. 49.17
68. 4.30
69. 16.39
70. 85.22
71. 33.90
72. 10.08
73. 81.39
74. 58.69
75. 59.03
76. 53.24
77. 33.60
78. 36.91
79. 88.76
80. 93.79
81. 35.60
82. 41.06
83. 7.64
84. 50.88
85. 23.21
86. 64.53
87. 71.96
88. 23.89
89. 49.85
90. 90.37
91. 27.58
92. 70.82
93. 85.27
94. 78.64
95. 4.63
96. 26.25
97. 8.10
98. 94.76
99. 84.13
100. 91.08
1. 2.70
2. 41.53
3. 54.14
4. 54.65
5. 59.63
6. 32.57
7. 17.10
8. 22.17
9. 52.05
10. 57.41
11. 90.72
12. 40.67
13. 45.66
14. 22.41
15. 12.34
16. 53.08
17. 93.00
18. 27.64
19. 76.75
20. 64.04
21. 35.07
22. 46.78
23. 3.15
24. 66.20
25. 30.90
26. 84.29
27. 17.95
28. 82.79
29. 31.51
30. 20.88
31. 66.82
32. 19.66
33. 6.25
34. 44.64
35. 37.43
36. 46.87
37. 93.35
38. 24.52
39. 49.13
40. 72.33
41. 57.98
42. 78.73
43. 81.52
44. 44.63
45. 25.28
46. 38.92
47. 8.81
48. 72.94
49. 28.90
50. 91.31
51. 55.22
52. 9.33
53. 60.95
54. 13.02
55. 61.39
56. 6.09
57. 47.74
58. 87.22
59. 76.30
60. 51.71
61. 44.31
62. 30.67
63. 49.19
64. 71.06
65. 64.47
66. 54.35
67. 92.33
68. 75.05
69. 28.19
70. 92.67
71. 96.01
72. 96.16
73. 69.07
74. 86.39
75. 9.56
76. 13.84
77. 93.38
78. 79.90
79. 54.60
80. 23.71
81. 14.23
82. 83.85
83. 10.43
84. 35.10
85. 58.80
86. 65.64
87. 97.48
88. 59.15
89. 29.26
90. 48.54
91. 20.85
92. 59.06
93. 26.79
94. 19.68
95. 99.66
96. 90.90
97. 96.96
98. 66.50
99. 64.09
100. 20.78
1. 92.94
2. 50.68
3. 62.69
4. 34.79
5. 20.50
6. 98.92
7. 65.78
8. 44.78
9. 29.51
10. 7.41
11. 61.45
12. 8.05
13. 70.00
14. 77.42
15. 58.87
16. 90.02
17. 5.73
18. 62.85
19. 6.06
20. 41.57
21. 55.49
22. 57.92
23. 38.06
24. 1.03
25. 46.25
26. 24.04
27. 19.47
28. 9.83
29. 84.95
30. 95.29
31. 95.09
32. 93.79
33. 65.03
34. 90.17
35. 24.58
36. 80.66
37. 33.80
38. 39.51
39. 83.59
40. 12.60
41. 92.71
42. 74.29
43. 84.38
44. 21.86
45. 68.20
46. 8.61
47. 81.22
48. 10.62
49. 71.62
50. 52.64
51. 8.68
52. 84.99
53. 14.62
54. 85.06
55. 25.39
56. 58.90
57. 61.96
58. 16.29
59. 40.20
60. 31.50
61. 34.84
62. 55.69
63. 33.54
64. 42.16
65. 80.07
66. 16.73
67. 75.73
68. 41.92
69. 87.41
70. 8.28
71. 34.04
72. 39.94
73. 45.80
74. 48.48
75. 51.36
76. 31.36
77. 84.77
78. 22.10
79. 99.29
80. 79.55
81. 64.03
82. 71.40
83. 55.05
84. 21.30
85. 13.91
86. 24.68
87. 37.91
88. 66.71
89. 69.70
90. 75.69
91. 26.27
92. 15.66
93. 12.95
94. 6.17
95. 85.14
96. 11.21
97. 4.28
98. 84.41
99. 24.65
100. 28.29
